[
    [
        0, 
        7, 
        "COM9", 
        64
    ], 
    [
        1, 
        5, 
        "COM9", 
        112
    ], 
    [
        2, 
        4, 
        "COM9", 
        8
    ], 
    [
        1, 
        7, 
        "COM9", 
        128
    ], 
    [
        2, 
        5, 
        "COM9", 
        176
    ], 
    [
        2, 
        7, 
        "COM9", 
        192
    ], 
    [
        0, 
        5, 
        "COM9", 
        48
    ], 
    [
        0, 
        4, 
        "COM9", 
        40
    ], 
    [
        0, 
        6, 
        "COM9", 
        56
    ], 
    [
        1, 
        4, 
        "COM9", 
        104
    ], 
    [
        2, 
        6, 
        "COM9", 
        184
    ], 
    [
        1, 
        6, 
        "COM9", 
        120
    ], 
    [
        0, 
        3, 
        "COM7", 
        32
    ], 
    [
        1, 
        1, 
        "COM7", 
        80
    ], 
    [
        2, 
        2, 
        "COM7", 
        152
    ], 
    [
        0, 
        0, 
        "COM7", 
        8
    ], 
    [
        1, 
        3, 
        "COM7", 
        96
    ], 
    [
        2, 
        1, 
        "COM7", 
        144
    ], 
    [
        2, 
        3, 
        "COM7", 
        160
    ], 
    [
        0, 
        1, 
        "COM7", 
        16
    ], 
    [
        1, 
        0, 
        "COM7", 
        72
    ], 
    [
        0, 
        2, 
        "COM7", 
        24
    ], 
    [
        1, 
        2, 
        "COM7", 
        88
    ], 
    [
        2, 
        0, 
        "COM7", 
        136
    ]
]