(0, 0, '1', 8)
(0, 1, '1', 16)
(0, 2, '1', 24)
(0, 3, '2', 32)
(0, 4, '2', 40)
(0, 5, '2', 48)
(0, 6, '2', 56)
(0, 7, '2', 64)
(1, 0, '1', 72)
(1, 1, '1', 80)
(1, 2, '1', 88)
(1, 3, '2', 96)
(1, 4, '2', 104)
(1, 5, '2', 112)
(1, 6, '2', 120)
(1, 7, '2', 128)
(2, 0, '1', 136)
(2, 1, '1', 144)
(2, 2, '1', 152)
(2, 3, '2', 160)
(2, 4, '2', 168)
(2, 5, '2', 176)
(2, 6, '2', 184)
(2, 7, '2', 192)
(3, 0, '3', 8)
(3, 1, '3', 16)
(3, 2, '3', 24)
(3, 3, '4', 32)
(3, 4, '4', 40)
(3, 5, '4', 48)
(3, 6, '4', 56)
(3, 7, '4', 64)
(4, 0, '3', 72)
(4, 1, '3', 80)
(4, 2, '3', 88)
(4, 3, '4', 96)
(4, 4, '4', 104)
(4, 5, '4', 112)
(4, 6, '4', 120)
(4, 7, '4', 128)
(5, 0, '3', 136)
(5, 1, '3', 144)
(5, 2, '3', 152)
(5, 3, '4', 160)
(5, 4, '4', 168)
(5, 5, '4', 176)
(5, 6, '4', 184)
(5, 7, '4', 192)